/*
   ＦＭ音源 再生サンプル
*/
#FM@12 {
     4,  5,
    31,  0,  0,  0,  0, 21,  0,  2,  7,  0,  0,
    17, 14,  8,  8,  3,  0,  0,  2,  7,  0,  0,
    31,  0,  0,  0,  0, 20,  0,  2,  3,  0,  0,
    31, 14,  8,  8,  3,  0,  0,  2,  3,  0,  0,   15 }

#FM@ 13 
{     2,  7,
   0x12,  4,  3,  5,  4, 0x1d,  0,  5,  0,  0,  0,
   0x15,  4,  3,  4,  4, 0x30,  0,  1,  2,  0,  0,
   0x15,  4,  3,  5,  3, 0x30,  0,  2,  5,  0,  0,
   0x15,  3,  2,  6,  3,    2,  0,  1,  1,  0,  0,  15 }

t130
@@9 q13,16 l4
@12 o4 cdefgab>c< rr

@mr1 q9 l16 @lp25,15,2,14
@13 o4 aa8bb8>c+c+8 e24f+8&48 c+r<br> c+c+8dd8c+4.
;
